Webots Project File version R2023b
perspectives: 000000ff00000000fd00000002000000010000011c0000049afc0200000001fb0000001400540065007800740045006400690074006f007201000000000000049a0000008b00ffffff0000000300000780000000d9fc0100000001fb0000001a0043006f006e0073006f006c00650041006c006c0041006c006c0100000000000007800000000000000000000006ea0000049a00000001000000020000000100000008fc00000000
simulationViewPerspectives: 000000ff00000001000000020000015b000005050100000002010000000100
sceneTreePerspectives: 000000ff00000001000000030000001e000000c0000000000100000002010000000200
maximizedDockId: -1
centralWidgetVisible: 1
orthographicViewHeight: 1
textFiles: 1 "controllers/swarm/swarm.py" "controllers/swarm/swarmtools/navigation/driver.py"
renderingDevicePerspectives: TurtleBot3Burger_3:camera;1;0.457143;0;0
renderingDevicePerspectives: TurtleBot3Burger_3:display;1;0.457143;0;0
renderingDevicePerspectives: TurtleBot3Burger_3:range-finder;1;0.457143;0;0
